//input 1 ==========================================

8 5

34 8 39 22 6 
18 33 23 39 30 
8 5 2 23 40 
40 21 17 32 33 
38 31 21 20 29 
20 4 26 12 22 
4 19 12 3 40 
16 21 8 10 39 

0 1 1 1 1 
1 0 1 1 1 
1 1 0 1 1 
1 1 1 0 1 
1 1 1 1 0 

0 0 0 0 3 0 0 9 
0 0 0 0 3 0 3 2 
0 0 0 0 10 3 6 10 
0 0 0 0 3 1 10 4 
0 0 0 0 0 0 2 5 
0 0 0 0 0 0 9 0 
0 0 0 0 0 0 4 0 
0 0 0 0 0 0 9 0 


//input 3

16 5

57 43 52 7 39 
50 54 12 4 9 
22 21 37 61 34 
14 58 60 56 37 
42 41 61 36 41 
50 9 41 19 6 
39 26 17 37 10 
3 59 44 57 32 
33 28 25 4 31 
24 25 28 54 56 
40 28 18 5 32 
11 14 61 55 39 
30 10 15 46 61 
12 26 14 14 39 
44 45 52 50 52 
31 60 51 39 51 

0 1 1 1 1 
1 0 1 1 1 
1 1 0 1 1 
1 1 1 0 1 
1 1 1 1 0 

0 0 0 0 9 2 15 2 9 0 13 14 12 7 3 0 
0 0 0 9 0 0 3 11 0 13 0 0 0 0 0 0 
0 0 0 0 0 1 8 0 7 0 2 0 0 0 0 0 
0 0 0 0 0 0 4 0 0 0 3 3 5 0 0 10 
0 0 0 0 0 0 13 0 0 9 0 2 1 5 0 9 
0 0 0 0 0 0 0 0 4 0 0 13 0 10 4 0 
0 0 0 0 0 0 0 5 2 7 13 0 3 8 9 0 
0 0 0 0 0 0 0 0 1 0 0 0 8 0 0 0 
0 0 0 0 0 0 0 0 0 0 0 0 0 1 7 0 
0 0 0 0 0 0 0 0 0 0 0 4 0 15 0 13 
0 0 0 0 0 0 0 0 0 0 0 0 10 3 7 15 
0 0 0 0 0 0 0 0 0 0 0 0 0 0 3 0 
0 0 0 0 0 0 0 0 0 0 0 0 0 0 2 1 
0 0 0 0 0 0 0 0 0 0 0 0 0 0 7 0 
0 0 0 0 0 0 0 0 0 0 0 0 0 0 9 0 
0 0 0 0 0 0 0 0 0 0 0 0 0 0 14 0 


//Input 5 :======================================

26 5

19 3 3 19 15 
14 5 12 2 16 
20 13 14 2 5 
6 17 14 16 3 
16 19 4 3 20 
15 7 2 19 8 
2 2 21 4 11 
18 2 14 8 13 
12 4 18 4 4 
14 21 13 9 2 
8 17 19 13 9 
6 10 18 18 2 
20 9 20 13 6 
2 3 15 5 3 
21 15 11 17 14 
14 7 9 18 12 
2 5 7 19 19 
10 21 5 14 9 
6 21 21 7 8 
14 14 8 10 20 
9 14 6 3 9 
11 12 3 18 17 
5 18 2 5 8 
10 13 9 3 18 
10 16 20 19 20 
11 18 16 7 6 

0 1 1 1 1 
1 0 1 1 1 
1 1 0 1 1 
1 1 1 0 1 
1 1 1 1 0 

0 0 0 0 0 0 0 0 0 0 0 4 8 0 0 0 3 0 0 0 1 3 5 0 9 0 
0 0 0 0 0 0 0 0 0 0 0 7 0 0 10 0 10 9 0 0 5 7 3 2 0 0 
0 0 0 0 0 0 0 0 0 0 0 8 0 9 0 0 8 0 8 0 4 0 2 10 0 0 
0 0 0 0 0 0 0 0 0 0 0 6 0 0 2 0 2 7 8 10 10 5 0 4 0 0 
0 0 0 0 0 0 0 0 0 0 0 0 0 4 0 9 2 0 1 10 0 0 2 10 0 4 
0 0 0 0 0 0 0 0 0 0 0 0 0 0 1 10 0 0 0 0 0 0 0 0 0 10 
0 0 0 0 0 0 0 0 0 0 0 5 0 0 5 0 0 10 4 9 0 10 8 0 0 4 
0 0 0 0 0 0 0 0 0 0 0 0 3 0 5 5 0 1 0 0 0 0 0 0 8 0 
0 0 0 0 0 0 0 0 0 0 0 0 0 0 7 0 2 0 0 8 0 5 3 0 10 7 
0 0 0 0 0 0 0 0 0 0 0 0 0 6 0 0 5 0 6 1 4 2 0 10 8 2 
0 0 0 0 0 0 0 0 0 0 0 10 0 10 1 0 0 0 4 0 6 0 2 6 0 0 
0 0 0 0 0 0 0 0 0 0 0 0 0 0 0 0 0 0 0 0 0 0 5 0 0 0 
0 0 0 0 0 0 0 0 0 0 0 0 0 0 0 0 0 0 0 0 0 0 6 0 0 0 
0 0 0 0 0 0 0 0 0 0 0 0 0 0 0 0 0 0 0 0 0 0 5 0 0 0 
0 0 0 0 0 0 0 0 0 0 0 0 0 0 0 0 0 0 0 0 0 0 3 0 0 0 
0 0 0 0 0 0 0 0 0 0 0 0 0 0 0 0 0 0 0 0 0 0 7 0 0 0 
0 0 0 0 0 0 0 0 0 0 0 0 0 0 0 0 0 0 0 0 0 0 2 0 0 0 
0 0 0 0 0 0 0 0 0 0 0 0 0 0 0 0 0 0 0 0 0 0 6 0 0 0 
0 0 0 0 0 0 0 0 0 0 0 0 0 0 0 0 0 0 0 0 0 0 8 0 0 0 
0 0 0 0 0 0 0 0 0 0 0 0 0 0 0 0 0 0 0 0 0 0 4 0 0 0 
0 0 0 0 0 0 0 0 0 0 0 0 0 0 0 0 0 0 0 0 0 0 7 0 0 0 
0 0 0 0 0 0 0 0 0 0 0 0 0 0 0 0 0 0 0 0 0 0 1 0 0 0 
0 0 0 0 0 0 0 0 0 0 0 0 0 0 0 0 0 0 0 0 0 0 4 0 0 0 
0 0 0 0 0 0 0 0 0 0 0 0 0 0 0 0 0 0 0 0 0 0 8 0 0 0 
0 0 0 0 0 0 0 0 0 0 0 0 0 0 0 0 0 0 0 0 0 0 8 0 0 0 
0 0 0 0 0 0 0 0 0 0 0 0 0 0 0 0 0 0 0 0 0 0 8 0 0 0 

//input 6

33 5

18 21 17 21 21 
11 15 8 5 7 
9 15 3 3 20 
16 12 7 7 11 
14 15 12 7 16 
2 16 20 7 12 
10 17 15 11 14 
12 18 10 3 17 
15 17 7 16 15 
8 6 21 14 10 
9 7 5 2 16 
17 18 16 2 6 
20 21 5 7 12 
19 16 17 9 7 
17 4 4 8 8 
8 12 16 5 10 
3 18 7 16 20 
21 17 18 21 19 
17 5 8 13 4 
17 4 16 21 14 
19 9 11 3 18 
21 12 10 19 5 
9 19 8 11 13 
21 18 21 13 3 
7 21 21 14 11 
2 5 9 7 15 
2 11 17 20 21 
10 15 11 8 5 
5 19 3 3 8 
11 15 12 18 8 
21 5 17 17 12 
19 19 20 18 5 
16 11 4 7 17 

0 1 1 1 1 
1 0 1 1 1 
1 1 0 1 1 
1 1 1 0 1 
1 1 1 1 0 

0 0 0 0 0 0 4 2 5 0 2 1 2 3 2 1 0 5 4 5 5 5 0 1 0 0 0 4 5 2 0 0 4 
0 0 0 0 0 0 0 3 0 0 3 4 3 3 0 0 5 2 2 0 5 0 0 0 5 1 1 0 0 4 5 0 1 
0 0 0 0 0 0 0 0 0 0 3 4 0 0 0 0 5 0 5 5 5 2 0 0 0 4 0 0 0 4 0 0 0 
0 0 0 0 0 0 3 5 5 0 0 2 3 0 0 5 4 0 1 0 1 2 0 2 0 4 0 0 0 4 0 0 5 
0 0 0 0 0 0 0 4 0 2 2 5 0 0 0 0 5 3 5 0 0 3 0 0 0 0 5 0 0 0 0 0 1 
0 0 0 0 0 0 3 0 0 3 0 4 2 5 0 0 2 0 0 4 5 1 4 5 5 0 0 2 1 1 1 2 0 
0 0 0 0 0 0 0 0 0 0 0 0 0 0 2 0 5 0 5 1 0 2 0 0 2 0 0 5 0 0 1 3 0 
0 0 0 0 0 0 0 0 0 0 0 0 0 0 0 4 0 0 4 0 0 0 0 0 1 0 0 0 0 0 0 0 0 
0 0 0 0 0 0 0 0 0 0 0 0 0 0 2 4 0 3 2 1 0 0 5 2 3 4 5 0 0 3 0 0 4 
0 0 0 0 0 0 0 0 0 0 0 0 0 0 5 0 0 5 2 4 3 0 0 5 0 0 0 1 0 0 4 5 5 
0 0 0 0 0 0 0 0 0 0 0 0 0 0 0 0 0 0 0 2 0 0 0 0 0 0 1 3 0 0 0 0 2 
0 0 0 0 0 0 0 0 0 0 0 0 0 0 1 0 3 5 5 0 4 3 0 2 5 2 0 0 0 0 3 0 0 
0 0 0 0 0 0 0 0 0 0 0 0 0 0 0 0 0 0 0 0 0 0 0 0 0 0 1 2 0 4 0 2 0 
0 0 0 0 0 0 0 0 0 0 0 0 0 0 0 0 0 0 4 5 2 0 0 0 0 3 0 5 0 4 0 0 0 
0 0 0 0 0 0 0 0 0 0 0 0 0 0 0 0 0 0 4 0 0 0 3 0 1 3 4 0 1 5 5 0 2 
0 0 0 0 0 0 0 0 0 0 0 0 0 0 0 0 0 0 4 0 3 0 0 0 0 0 0 0 0 0 0 0 4 
0 0 0 0 0 0 0 0 0 0 0 0 0 0 0 0 0 0 0 0 1 1 0 1 4 3 0 2 0 1 2 5 4 
0 0 0 0 0 0 0 0 0 0 0 0 0 0 0 0 0 0 0 0 2 2 0 0 0 0 0 0 0 0 0 0 5 
0 0 0 0 0 0 0 0 0 0 0 0 0 0 0 0 0 0 0 0 0 0 0 0 5 0 0 0 1 3 4 4 1 
0 0 0 0 0 0 0 0 0 0 0 0 0 0 0 0 0 0 0 0 0 0 0 0 2 3 0 5 3 0 0 5 4 
0 0 0 0 0 0 0 0 0 0 0 0 0 0 0 0 0 0 0 0 0 0 0 0 1 0 3 2 0 5 2 0 5 
0 0 0 0 0 0 0 0 0 0 0 0 0 0 0 0 0 0 0 0 0 0 0 0 0 0 4 5 0 0 1 2 2 
0 0 0 0 0 0 0 0 0 0 0 0 0 0 0 0 0 0 0 0 0 0 0 0 0 5 5 2 3 3 0 5 5 
0 0 0 0 0 0 0 0 0 0 0 0 0 0 0 0 0 0 0 0 0 0 0 0 0 0 0 4 0 0 0 0 1 
0 0 0 0 0 0 0 0 0 0 0 0 0 0 0 0 0 0 0 0 0 0 0 0 0 0 0 0 0 0 0 0 3 
0 0 0 0 0 0 0 0 0 0 0 0 0 0 0 0 0 0 0 0 0 0 0 0 0 0 0 0 0 0 0 0 4 
0 0 0 0 0 0 0 0 0 0 0 0 0 0 0 0 0 0 0 0 0 0 0 0 0 0 0 0 0 0 0 0 4 
0 0 0 0 0 0 0 0 0 0 0 0 0 0 0 0 0 0 0 0 0 0 0 0 0 0 0 0 0 0 0 0 4 
0 0 0 0 0 0 0 0 0 0 0 0 0 0 0 0 0 0 0 0 0 0 0 0 0 0 0 0 0 0 0 0 3 
0 0 0 0 0 0 0 0 0 0 0 0 0 0 0 0 0 0 0 0 0 0 0 0 0 0 0 0 0 0 0 0 2 
0 0 0 0 0 0 0 0 0 0 0 0 0 0 0 0 0 0 0 0 0 0 0 0 0 0 0 0 0 0 0 0 1 
0 0 0 0 0 0 0 0 0 0 0 0 0 0 0 0 0 0 0 0 0 0 0 0 0 0 0 0 0 0 0 0 3 
0 0 0 0 0 0 0 0 0 0 0 0 0 0 0 0 0 0 0 0 0 0 0 0 0 0 0 0 0 0 0 0 2 

//input 7

37 5

58 20 57 15 31 
15 73 15 72 10 
46 11 52 67 8 
25 64 17 60 34 
18 25 57 78 53 
18 62 19 76 29 
69 41 76 68 7 
9 71 60 53 31 
23 37 36 36 58 
77 3 29 30 53 
79 73 33 2 63 
60 6 46 37 68 
78 32 43 78 12 
62 28 34 55 66 
66 22 81 63 25 
21 31 60 44 52 
50 59 24 80 5 
48 70 80 38 6 
16 2 49 73 44 
22 21 44 73 2 
81 23 47 38 41 
47 74 69 5 72 
29 23 74 76 50 
52 37 30 38 58 
54 25 28 77 51 
42 72 22 38 29 
61 53 76 80 40 
49 75 34 30 43 
35 30 71 14 63 
58 41 36 23 4 
15 23 7 44 54 
38 7 76 9 9 
23 16 75 40 78 
38 46 5 52 55 
25 15 74 44 49 
28 8 75 79 75 
75 63 21 18 80 

0 1 1 1 1 
1 0 1 1 1 
1 1 0 1 1 
1 1 1 0 1 
1 1 1 1 0 

0 5 16 36 0 0 32 11 0 20 16 0 19 19 0 10 5 15 37 0 0 8 30 0 20 4 35 0 9 16 0 0 0 21 0 0 10 
0 0 0 0 0 0 0 0 0 0 0 19 5 0 0 0 18 0 25 39 0 0 0 0 23 0 20 0 9 18 24 29 39 0 0 14 0 
0 0 0 0 0 0 0 0 0 0 0 0 0 0 0 0 0 0 0 0 0 5 0 0 0 0 0 0 0 0 0 0 0 0 17 0 0 
0 0 0 0 0 0 0 0 0 24 0 22 0 0 38 0 21 33 0 0 40 0 0 0 15 0 3 14 28 0 0 3 0 2 0 0 32 
0 0 0 0 0 0 7 0 0 32 27 0 0 7 0 0 0 27 17 9 0 4 0 0 0 0 24 0 0 0 0 0 11 16 21 30 0 
0 0 0 0 0 0 0 19 20 28 28 0 4 5 11 0 7 0 29 0 19 0 0 18 1 0 26 0 0 0 0 0 0 0 0 0 0 
0 0 0 0 0 0 0 0 0 0 0 25 37 20 6 23 13 15 13 1 0 0 27 3 10 14 29 0 26 24 38 0 0 0 25 32 1 
0 0 0 0 0 0 0 0 0 0 0 0 9 18 35 0 0 24 3 36 0 0 10 0 0 0 5 0 0 38 23 3 25 34 5 0 24 
0 0 0 0 0 0 0 0 0 0 0 0 0 0 39 0 0 37 0 0 4 22 0 0 0 0 0 0 18 0 0 8 0 0 35 0 0 
0 0 0 0 0 0 0 0 0 0 0 0 17 0 0 17 39 31 26 0 0 0 0 15 0 11 0 0 8 0 0 0 0 0 1 29 0 
0 0 0 0 0 0 0 0 0 0 0 26 40 15 0 30 0 34 0 13 0 0 0 9 15 30 31 0 38 0 0 32 21 2 34 24 15 
0 0 0 0 0 0 0 0 0 0 0 0 2 0 0 32 39 28 0 2 0 30 0 0 0 32 0 33 0 25 6 30 0 0 0 19 0 
0 0 0 0 0 0 0 0 0 0 0 0 0 0 0 0 0 33 34 0 18 0 37 0 0 19 0 0 0 32 24 2 10 10 0 23 0 
0 0 0 0 0 0 0 0 0 0 0 0 0 0 0 0 13 22 18 0 0 27 4 2 38 36 38 0 3 0 0 15 0 17 33 30 32 
0 0 0 0 0 0 0 0 0 0 0 0 0 0 0 0 0 32 11 5 0 0 11 29 0 0 3 0 0 16 21 13 0 13 0 0 9 
0 0 0 0 0 0 0 0 0 0 0 0 0 0 0 0 18 0 0 0 7 0 0 0 25 17 29 27 15 0 17 3 0 0 0 0 0 
0 0 0 0 0 0 0 0 0 0 0 0 0 0 0 0 0 0 0 0 15 0 2 0 0 1 0 2 0 0 0 25 2 0 30 1 33 
0 0 0 0 0 0 0 0 0 0 0 0 0 0 0 0 0 0 0 0 0 9 3 20 0 0 40 15 0 0 21 0 17 4 0 0 31 
0 0 0 0 0 0 0 0 0 0 0 0 0 0 0 0 0 0 0 0 4 0 0 0 0 0 0 19 0 0 30 0 0 29 11 0 0 
0 0 0 0 0 0 0 0 0 0 0 0 0 0 0 0 0 0 0 0 0 29 16 0 0 0 0 22 0 0 0 0 0 13 0 0 0 
0 0 0 0 0 0 0 0 0 0 0 0 0 0 0 0 0 0 0 0 0 0 0 18 0 5 0 0 38 0 38 0 23 0 8 16 0 
0 0 0 0 0 0 0 0 0 0 0 0 0 0 0 0 0 0 0 0 0 0 0 2 0 0 0 0 0 0 16 0 10 0 35 30 0 
0 0 0 0 0 0 0 0 0 0 0 0 0 0 0 0 0 0 0 0 0 0 0 0 0 0 40 0 7 22 4 0 0 0 21 4 16 
0 0 0 0 0 0 0 0 0 0 0 0 0 0 0 0 0 0 0 0 0 0 0 0 0 0 0 0 5 10 21 1 23 0 0 29 38 
0 0 0 0 0 0 0 0 0 0 0 0 0 0 0 0 0 0 0 0 0 0 0 0 0 0 0 0 10 0 13 0 17 22 34 0 0 
0 0 0 0 0 0 0 0 0 0 0 0 0 0 0 0 0 0 0 0 0 0 0 0 0 0 23 36 0 0 2 0 23 4 28 0 2 
0 0 0 0 0 0 0 0 0 0 0 0 0 0 0 0 0 0 0 0 0 0 0 0 0 0 0 0 0 0 33 0 39 38 36 0 19 
0 0 0 0 0 0 0 0 0 0 0 0 0 0 0 0 0 0 0 0 0 0 0 0 0 0 0 0 0 0 34 19 37 37 4 13 0 
0 0 0 0 0 0 0 0 0 0 0 0 0 0 0 0 0 0 0 0 0 0 0 0 0 0 0 0 0 0 13 0 0 0 8 13 0 
0 0 0 0 0 0 0 0 0 0 0 0 0 0 0 0 0 0 0 0 0 0 0 0 0 0 0 0 0 0 0 0 27 0 0 0 0 
0 0 0 0 0 0 0 0 0 0 0 0 0 0 0 0 0 0 0 0 0 0 0 0 0 0 0 0 0 0 0 0 0 0 0 34 23 
0 0 0 0 0 0 0 0 0 0 0 0 0 0 0 0 0 0 0 0 0 0 0 0 0 0 0 0 0 0 0 0 0 0 0 1 0 
0 0 0 0 0 0 0 0 0 0 0 0 0 0 0 0 0 0 0 0 0 0 0 0 0 0 0 0 0 0 0 0 0 17 0 7 0 
0 0 0 0 0 0 0 0 0 0 0 0 0 0 0 0 0 0 0 0 0 0 0 0 0 0 0 0 0 0 0 0 0 0 0 32 0 
0 0 0 0 0 0 0 0 0 0 0 0 0 0 0 0 0 0 0 0 0 0 0 0 0 0 0 0 0 0 0 0 0 0 0 40 0 
0 0 0 0 0 0 0 0 0 0 0 0 0 0 0 0 0 0 0 0 0 0 0 0 0 0 0 0 0 0 0 0 0 0 0 11 0 
0 0 0 0 0 0 0 0 0 0 0 0 0 0 0 0 0 0 0 0 0 0 0 0 0 0 0 0 0 0 0 0 0 0 0 20 0 

//input 8

44 5

15 14 3 11 14 
21 13 3 18 18 
9 3 18 14 4 
14 8 5 6 4 
8 7 13 21 19 
9 21 6 5 15 
11 19 19 16 6 
20 21 17 15 16 
15 16 3 7 3 
15 19 6 3 4 
19 5 3 10 12 
6 13 16 20 2 
5 4 4 19 20 
6 2 16 12 8 
14 6 8 18 5 
16 10 20 2 16 
11 10 9 20 9 
21 17 13 20 21 
21 8 21 11 13 
11 10 19 15 11 
5 17 14 4 11 
17 8 21 20 12 
7 4 14 11 12 
20 20 15 20 8 
8 20 11 14 7 
20 2 19 18 5 
14 18 19 13 20 
8 8 12 17 5 
9 21 5 19 7 
10 21 2 19 14 
20 4 16 12 15 
19 12 3 14 4 
14 14 9 6 10 
18 21 4 8 17 
12 10 21 11 14 
12 16 6 19 13 
11 12 20 16 4 
21 14 16 15 16 
19 9 10 6 16 
19 12 5 15 16 
2 12 6 9 21 
5 16 10 4 6 
8 17 12 6 5 
6 7 6 14 15 

0 1 1 1 1 
1 0 1 1 1 
1 1 0 1 1 
1 1 1 0 1 
1 1 1 1 0 

0 0 0 0 0 0 0 0 0 4 2 8 0 0 0 9 0 0 4 0 7 0 0 4 0 5 6 4 4 0 1 9 0 0 0 0 0 10 1 0 0 0 1 0 
0 0 0 0 0 0 0 10 0 0 0 0 0 0 0 0 0 2 0 0 0 0 0 0 5 0 0 0 9 0 0 8 0 0 0 0 6 0 0 0 0 0 0 0 
0 0 0 0 0 0 0 0 9 4 8 0 6 0 8 0 1 4 0 3 0 0 0 8 8 5 0 0 1 1 1 0 0 7 0 0 10 1 10 6 0 0 4 9 
0 0 0 0 0 0 0 0 8 0 3 10 6 6 0 5 0 0 4 2 9 0 0 9 4 0 8 9 0 0 9 2 4 0 0 0 6 0 0 0 0 9 8 9 
0 0 0 0 0 0 0 0 5 4 5 0 0 0 0 0 0 0 1 0 9 0 0 4 0 4 7 0 0 0 3 0 0 10 3 1 4 0 5 0 1 0 0 7 
0 0 0 0 0 0 0 4 3 9 0 6 8 4 0 5 0 7 1 0 7 0 5 8 3 4 10 0 1 0 7 2 0 0 9 0 0 2 10 2 4 0 1 10 
0 0 0 0 0 0 0 5 2 0 2 0 0 0 3 9 0 0 3 0 0 0 0 2 0 3 0 0 0 0 0 0 0 5 8 0 0 2 0 0 0 0 0 0 
0 0 0 0 0 0 0 0 0 0 0 0 0 0 0 0 0 0 0 8 0 6 0 2 1 0 7 0 0 6 8 7 0 0 0 0 4 0 5 6 0 0 0 0 
0 0 0 0 0 0 0 0 0 0 0 0 0 0 0 0 0 0 0 0 0 8 3 5 3 4 8 0 10 4 4 0 6 0 1 0 7 0 0 0 0 8 0 0 
0 0 0 0 0 0 0 0 0 0 0 0 0 0 0 0 0 0 0 0 0 0 0 0 0 3 0 0 0 0 0 0 0 8 1 4 0 0 0 0 0 0 0 0 
0 0 0 0 0 0 0 0 0 0 0 0 0 0 0 0 0 0 0 0 8 8 8 1 0 3 0 5 0 9 2 4 0 10 0 8 3 0 2 7 7 10 0 2 
0 0 0 0 0 0 0 0 0 0 0 0 0 0 0 0 0 0 0 10 0 2 6 9 0 10 0 0 9 0 2 0 0 2 8 3 0 7 4 0 2 5 1 2 
0 0 0 0 0 0 0 0 0 0 0 0 0 0 0 0 0 0 0 6 6 0 0 0 0 6 0 0 10 0 1 0 0 0 0 0 8 2 7 0 0 8 2 0 
0 0 0 0 0 0 0 0 0 0 0 0 0 0 0 0 0 0 0 5 0 0 0 6 0 0 0 0 0 0 9 0 10 0 0 0 0 0 6 0 0 0 0 0 
0 0 0 0 0 0 0 0 0 0 0 0 0 0 0 0 0 0 0 6 8 0 0 0 3 0 0 2 9 10 10 0 9 0 2 3 1 0 5 10 2 0 5 0 
0 0 0 0 0 0 0 0 0 0 0 0 0 0 0 0 0 0 0 6 0 0 9 0 0 0 0 0 0 0 0 1 0 0 0 0 0 0 9 3 0 0 0 0 
0 0 0 0 0 0 0 0 0 0 0 0 0 0 0 0 0 0 0 0 0 0 0 7 0 0 0 0 0 0 9 0 0 0 0 0 0 4 0 7 0 0 0 0 
0 0 0 0 0 0 0 0 0 0 0 0 0 0 0 0 0 0 0 8 0 0 7 0 9 0 2 0 0 0 0 8 0 5 6 7 3 10 0 0 8 5 0 7 
0 0 0 0 0 0 0 0 0 0 0 0 0 0 0 0 0 0 0 7 0 10 5 6 0 0 0 6 0 2 0 0 0 0 1 6 0 0 0 4 0 0 9 0 
0 0 0 0 0 0 0 0 0 0 0 0 0 0 0 0 0 0 0 0 0 0 0 0 0 0 0 0 0 7 1 0 0 0 4 0 10 0 10 3 8 0 1 0 
0 0 0 0 0 0 0 0 0 0 0 0 0 0 0 0 0 0 0 0 0 0 0 0 0 0 0 0 0 9 7 0 3 0 0 0 0 1 10 0 2 0 0 0 
0 0 0 0 0 0 0 0 0 0 0 0 0 0 0 0 0 0 0 0 0 0 0 0 0 0 0 0 0 8 0 0 0 0 8 0 0 0 1 8 9 0 0 6 
0 0 0 0 0 0 0 0 0 0 0 0 0 0 0 0 0 0 0 0 0 0 0 0 0 0 0 0 0 0 5 8 0 0 1 0 0 0 0 7 0 10 1 0 
0 0 0 0 0 0 0 0 0 0 0 0 0 0 0 0 0 0 0 0 0 0 0 0 0 0 0 0 0 6 8 9 8 0 0 0 3 6 4 10 0 7 9 0 
0 0 0 0 0 0 0 0 0 0 0 0 0 0 0 0 0 0 0 0 0 0 0 0 0 0 0 0 0 5 10 4 5 1 2 6 10 0 0 9 2 0 0 0 
0 0 0 0 0 0 0 0 0 0 0 0 0 0 0 0 0 0 0 0 0 0 0 0 0 0 0 0 0 5 9 0 0 0 10 0 0 10 0 8 0 0 0 10 
0 0 0 0 0 0 0 0 0 0 0 0 0 0 0 0 0 0 0 0 0 0 0 0 0 0 0 0 0 10 10 5 4 6 0 2 7 0 0 7 1 10 3 1 
0 0 0 0 0 0 0 0 0 0 0 0 0 0 0 0 0 0 0 0 0 0 0 0 0 0 0 0 0 2 8 0 0 0 0 0 3 0 9 0 0 0 0 9 
0 0 0 0 0 0 0 0 0 0 0 0 0 0 0 0 0 0 0 0 0 0 0 0 0 0 0 0 0 0 0 0 0 0 8 2 6 0 0 10 0 10 0 4 
0 0 0 0 0 0 0 0 0 0 0 0 0 0 0 0 0 0 0 0 0 0 0 0 0 0 0 0 0 0 0 0 0 0 0 0 0 0 0 5 0 0 0 0 
0 0 0 0 0 0 0 0 0 0 0 0 0 0 0 0 0 0 0 0 0 0 0 0 0 0 0 0 0 0 0 0 0 0 0 0 0 0 0 8 0 0 0 0 
0 0 0 0 0 0 0 0 0 0 0 0 0 0 0 0 0 0 0 0 0 0 0 0 0 0 0 0 0 0 0 0 0 0 0 0 0 0 0 7 0 0 0 0 
0 0 0 0 0 0 0 0 0 0 0 0 0 0 0 0 0 0 0 0 0 0 0 0 0 0 0 0 0 0 0 0 0 0 0 0 0 0 0 6 0 0 0 0 
0 0 0 0 0 0 0 0 0 0 0 0 0 0 0 0 0 0 0 0 0 0 0 0 0 0 0 0 0 0 0 0 0 0 0 0 0 0 0 9 0 0 0 0 
0 0 0 0 0 0 0 0 0 0 0 0 0 0 0 0 0 0 0 0 0 0 0 0 0 0 0 0 0 0 0 0 0 0 0 0 0 0 0 4 0 0 0 0 
0 0 0 0 0 0 0 0 0 0 0 0 0 0 0 0 0 0 0 0 0 0 0 0 0 0 0 0 0 0 0 0 0 0 0 0 0 0 0 7 0 0 0 0 
0 0 0 0 0 0 0 0 0 0 0 0 0 0 0 0 0 0 0 0 0 0 0 0 0 0 0 0 0 0 0 0 0 0 0 0 0 0 0 6 0 0 0 0 
0 0 0 0 0 0 0 0 0 0 0 0 0 0 0 0 0 0 0 0 0 0 0 0 0 0 0 0 0 0 0 0 0 0 0 0 0 0 0 6 0 0 0 0 
0 0 0 0 0 0 0 0 0 0 0 0 0 0 0 0 0 0 0 0 0 0 0 0 0 0 0 0 0 0 0 0 0 0 0 0 0 0 0 1 0 0 0 0 
0 0 0 0 0 0 0 0 0 0 0 0 0 0 0 0 0 0 0 0 0 0 0 0 0 0 0 0 0 0 0 0 0 0 0 0 0 0 0 9 0 0 0 0 
0 0 0 0 0 0 0 0 0 0 0 0 0 0 0 0 0 0 0 0 0 0 0 0 0 0 0 0 0 0 0 0 0 0 0 0 0 0 0 6 0 0 0 0 
0 0 0 0 0 0 0 0 0 0 0 0 0 0 0 0 0 0 0 0 0 0 0 0 0 0 0 0 0 0 0 0 0 0 0 0 0 0 0 1 0 0 0 0 
0 0 0 0 0 0 0 0 0 0 0 0 0 0 0 0 0 0 0 0 0 0 0 0 0 0 0 0 0 0 0 0 0 0 0 0 0 0 0 10 0 0 0 0 
0 0 0 0 0 0 0 0 0 0 0 0 0 0 0 0 0 0 0 0 0 0 0 0 0 0 0 0 0 0 0 0 0 0 0 0 0 0 0 6 0 0 0 0 

//input 9==================

49 5
10 7 17 9 16 
6 19 4 13 15 
10 20 13 19 16 
10 20 7 8 5 
12 18 16 21 17 
7 13 7 7 16 
10 20 13 18 13 
8 2 2 12 16 
11 2 2 10 3 
17 11 14 5 20 
3 10 18 7 18 
4 17 12 21 11 
6 9 21 9 8 
18 9 7 18 4 
10 5 8 10 17 
11 4 8 7 8 
18 5 10 2 15 
11 21 7 6 17 
15 4 17 21 5 
8 15 13 15 5 
21 4 16 4 16 
21 7 19 7 20 
5 10 7 13 11 
9 10 17 12 17 
15 16 21 2 3 
15 3 3 8 17 
10 6 7 14 5 
13 21 20 7 2 
21 14 10 18 6 
17 19 14 10 2 
8 21 18 10 17 
15 9 20 21 15 
18 11 11 11 11 
14 16 10 14 6 
21 2 20 15 9 
14 8 12 15 7 
20 21 19 6 4 
13 6 17 8 9 
21 18 9 18 16 
3 4 16 15 2 
14 2 16 5 18 
11 18 17 18 11 
21 5 2 18 2 
12 8 9 10 13 
19 13 19 8 13 
21 5 20 13 21 
3 17 19 20 12 
18 19 21 12 5 
20 21 10 19 19 

0 1 1 1 1 
1 0 1 1 1 
1 1 0 1 1 
1 1 1 0 1 
1 1 1 1 0 

0 0 0 0 0 0 0 0 0 4 10 0 0 0 6 0 0 0 3 10 7 0 0 3 3 0 5 9 3 0 5 9 2 0 3 1 9 3 0 7 0 9 4 5 10 0 1 4 0 
0 0 0 0 0 0 0 0 0 0 0 0 5 0 0 3 0 0 0 0 0 0 0 0 3 0 0 0 0 0 6 0 3 0 0 0 5 5 0 4 0 5 0 0 0 0 0 0 3 
0 0 0 0 0 0 0 0 0 0 3 0 0 3 0 9 0 10 0 0 4 0 0 3 8 4 0 0 10 6 0 9 3 4 5 0 0 0 5 4 0 4 6 0 4 8 2 3 1 
0 0 0 0 0 0 0 0 0 10 0 0 0 0 0 5 5 4 0 5 8 4 0 0 0 0 0 0 6 0 6 0 0 0 0 3 0 5 0 0 0 0 0 0 0 0 0 0 0 
0 0 0 0 0 0 0 0 0 3 0 0 0 3 3 0 0 0 0 1 4 0 0 0 8 9 0 0 1 0 0 0 0 0 0 0 0 0 0 0 0 8 9 0 0 9 3 5 0 
0 0 0 0 0 0 0 0 0 0 0 0 0 0 8 9 0 0 0 0 0 0 5 0 10 0 0 0 6 0 0 0 0 0 0 6 0 0 4 0 0 0 6 0 0 3 0 0 0 
0 0 0 0 0 0 0 0 0 2 8 9 2 0 0 8 0 8 5 0 7 0 8 4 0 9 0 0 10 0 9 7 9 0 8 3 4 1 0 0 1 8 0 0 5 1 4 0 0 
0 0 0 0 0 0 0 0 0 0 0 1 0 0 0 2 0 0 0 7 0 10 3 5 0 7 0 10 0 3 6 3 4 6 0 0 8 4 0 0 2 8 0 6 0 0 0 0 5 
0 0 0 0 0 0 0 0 0 0 8 0 0 10 0 9 4 9 0 0 0 0 0 0 0 0 0 0 7 6 0 2 0 9 0 0 0 7 6 3 0 0 0 0 0 0 0 0 1 
0 0 0 0 0 0 0 0 0 0 0 0 0 0 0 0 0 0 0 0 0 0 0 1 5 8 7 0 4 6 3 5 0 0 0 6 0 0 0 6 1 0 0 0 3 4 3 3 7 
0 0 0 0 0 0 0 0 0 0 0 0 0 0 0 0 0 0 0 0 0 0 1 0 0 5 6 0 0 0 0 0 0 0 2 0 1 0 0 0 0 0 0 0 4 0 0 0 0 
0 0 0 0 0 0 0 0 0 0 0 0 0 0 0 0 0 0 0 0 0 10 7 0 9 0 5 0 0 0 6 2 0 0 0 0 0 3 9 10 2 0 0 4 0 0 9 0 0 
0 0 0 0 0 0 0 0 0 0 0 0 0 0 0 0 0 0 0 0 3 0 0 0 0 0 8 0 0 0 5 0 0 10 1 0 0 0 0 7 0 0 0 0 2 0 0 3 0 
0 0 0 0 0 0 0 0 0 0 0 0 0 0 0 0 0 0 0 0 0 0 5 0 0 3 0 0 0 0 0 0 9 5 8 10 9 8 0 0 0 2 0 0 0 10 3 0 0 
0 0 0 0 0 0 0 0 0 0 0 0 0 0 0 0 0 0 0 0 0 0 0 4 0 0 6 2 0 0 6 0 8 10 0 9 0 0 0 0 8 9 0 0 0 10 0 0 8 
0 0 0 0 0 0 0 0 0 0 0 0 0 0 0 0 0 0 0 0 3 9 2 3 0 7 1 8 0 2 5 6 4 6 1 0 0 0 0 0 7 8 0 2 6 4 0 0 0 
0 0 0 0 0 0 0 0 0 0 0 0 0 0 0 0 0 0 0 0 0 6 4 0 6 6 4 0 8 0 2 0 10 0 9 0 0 0 0 0 10 2 0 0 3 0 4 2 0 
0 0 0 0 0 0 0 0 0 0 0 0 0 0 0 0 0 0 0 0 0 0 0 0 9 0 7 0 0 0 0 9 0 0 0 0 6 0 0 0 0 0 8 0 0 0 0 1 0 
0 0 0 0 0 0 0 0 0 0 0 0 0 0 0 0 0 0 0 0 0 0 10 0 0 0 0 0 0 4 10 10 1 0 0 0 0 2 0 2 5 0 0 1 0 1 3 0 0 
0 0 0 0 0 0 0 0 0 0 0 0 0 0 0 0 0 0 0 0 0 9 0 0 6 2 0 8 6 3 0 2 0 0 0 3 4 0 3 6 0 8 4 9 5 2 0 0 3 
0 0 0 0 0 0 0 0 0 0 0 0 0 0 0 0 0 0 0 0 0 0 0 0 0 0 0 0 0 0 0 0 0 0 0 0 0 0 0 0 0 7 2 5 0 0 0 0 10 
0 0 0 0 0 0 0 0 0 0 0 0 0 0 0 0 0 0 0 0 0 0 0 0 0 0 0 0 0 0 0 0 0 0 0 2 8 3 0 9 9 0 10 0 2 9 1 0 0 
0 0 0 0 0 0 0 0 0 0 0 0 0 0 0 0 0 0 0 0 0 0 0 0 0 0 0 0 0 0 0 0 0 0 4 8 7 0 0 3 0 0 3 0 0 1 3 0 3 
0 0 0 0 0 0 0 0 0 0 0 0 0 0 0 0 0 0 0 0 0 0 0 0 0 0 0 0 0 0 0 0 0 0 0 0 0 0 0 0 8 1 0 1 0 0 0 0 0 
0 0 0 0 0 0 0 0 0 0 0 0 0 0 0 0 0 0 0 0 0 0 0 0 0 0 0 0 0 0 0 0 0 6 5 0 6 0 0 0 2 5 0 0 0 0 1 0 0 
0 0 0 0 0 0 0 0 0 0 0 0 0 0 0 0 0 0 0 0 0 0 0 0 0 0 0 0 0 0 0 0 0 0 9 0 2 0 4 5 3 1 8 0 10 0 0 5 6 
0 0 0 0 0 0 0 0 0 0 0 0 0 0 0 0 0 0 0 0 0 0 0 0 0 0 0 0 0 0 0 0 0 0 0 0 0 0 9 0 0 0 0 0 0 0 0 0 4 
0 0 0 0 0 0 0 0 0 0 0 0 0 0 0 0 0 0 0 0 0 0 0 0 0 0 0 0 0 0 0 0 0 0 0 0 9 0 0 0 6 5 0 0 0 0 0 10 0 
0 0 0 0 0 0 0 0 0 0 0 0 0 0 0 0 0 0 0 0 0 0 0 0 0 0 0 0 0 0 0 0 0 0 7 0 0 0 0 0 2 0 0 0 0 8 0 0 3 
0 0 0 0 0 0 0 0 0 0 0 0 0 0 0 0 0 0 0 0 0 0 0 0 0 0 0 0 0 0 0 0 0 6 0 0 0 9 0 1 0 0 2 9 0 0 0 0 0 
0 0 0 0 0 0 0 0 0 0 0 0 0 0 0 0 0 0 0 0 0 0 0 0 0 0 0 0 0 0 0 0 0 0 0 0 0 0 0 0 0 0 9 0 4 0 0 0 0 
0 0 0 0 0 0 0 0 0 0 0 0 0 0 0 0 0 0 0 0 0 0 0 0 0 0 0 0 0 0 0 0 0 2 3 0 0 0 0 5 6 8 2 7 3 1 0 0 0 
0 0 0 0 0 0 0 0 0 0 0 0 0 0 0 0 0 0 0 0 0 0 0 0 0 0 0 0 0 0 0 0 0 10 0 0 0 3 0 4 0 0 3 3 9 1 8 1 9 
0 0 0 0 0 0 0 0 0 0 0 0 0 0 0 0 0 0 0 0 0 0 0 0 0 0 0 0 0 0 0 0 0 0 0 0 0 0 10 4 1 3 8 0 0 5 0 0 3 
0 0 0 0 0 0 0 0 0 0 0 0 0 0 0 0 0 0 0 0 0 0 0 0 0 0 0 0 0 0 0 0 0 0 0 0 0 0 0 3 6 6 0 1 0 3 0 2 0 
0 0 0 0 0 0 0 0 0 0 0 0 0 0 0 0 0 0 0 0 0 0 0 0 0 0 0 0 0 0 0 0 0 0 0 0 0 0 0 5 3 5 4 0 0 0 4 5 6 
0 0 0 0 0 0 0 0 0 0 0 0 0 0 0 0 0 0 0 0 0 0 0 0 0 0 0 0 0 0 0 0 0 0 0 0 0 0 5 0 9 2 4 0 0 0 0 4 8 
0 0 0 0 0 0 0 0 0 0 0 0 0 0 0 0 0 0 0 0 0 0 0 0 0 0 0 0 0 0 0 0 0 0 0 0 0 0 0 1 3 0 8 9 0 1 0 7 5 
0 0 0 0 0 0 0 0 0 0 0 0 0 0 0 0 0 0 0 0 0 0 0 0 0 0 0 0 0 0 0 0 0 0 0 0 0 0 0 0 0 0 0 0 0 0 4 1 10 
0 0 0 0 0 0 0 0 0 0 0 0 0 0 0 0 0 0 0 0 0 0 0 0 0 0 0 0 0 0 0 0 0 0 0 0 0 0 0 0 0 7 0 0 10 5 3 0 6 
0 0 0 0 0 0 0 0 0 0 0 0 0 0 0 0 0 0 0 0 0 0 0 0 0 0 0 0 0 0 0 0 0 0 0 0 0 0 0 0 0 4 7 0 0 0 0 0 5 
0 0 0 0 0 0 0 0 0 0 0 0 0 0 0 0 0 0 0 0 0 0 0 0 0 0 0 0 0 0 0 0 0 0 0 0 0 0 0 0 0 0 0 0 0 7 0 0 1 
0 0 0 0 0 0 0 0 0 0 0 0 0 0 0 0 0 0 0 0 0 0 0 0 0 0 0 0 0 0 0 0 0 0 0 0 0 0 0 0 0 0 0 0 0 6 8 0 0 
0 0 0 0 0 0 0 0 0 0 0 0 0 0 0 0 0 0 0 0 0 0 0 0 0 0 0 0 0 0 0 0 0 0 0 0 0 0 0 0 0 0 0 0 0 6 5 0 0 
0 0 0 0 0 0 0 0 0 0 0 0 0 0 0 0 0 0 0 0 0 0 0 0 0 0 0 0 0 0 0 0 0 0 0 0 0 0 0 0 0 0 0 0 0 5 0 3 4 
0 0 0 0 0 0 0 0 0 0 0 0 0 0 0 0 0 0 0 0 0 0 0 0 0 0 0 0 0 0 0 0 0 0 0 0 0 0 0 0 0 0 0 0 0 0 0 0 1 
0 0 0 0 0 0 0 0 0 0 0 0 0 0 0 0 0 0 0 0 0 0 0 0 0 0 0 0 0 0 0 0 0 0 0 0 0 0 0 0 0 0 0 0 0 0 0 0 1 
0 0 0 0 0 0 0 0 0 0 0 0 0 0 0 0 0 0 0 0 0 0 0 0 0 0 0 0 0 0 0 0 0 0 0 0 0 0 0 0 0 0 0 0 0 0 0 0 1 
0 0 0 0 0 0 0 0 0 0 0 0 0 0 0 0 0 0 0 0 0 0 0 0 0 0 0 0 0 0 0 0 0 0 0 0 0 0 0 0 0 0 0 0 0 0 0 0 10 

//input 10

51 5

4 25 81 60 54 
48 27 60 30 19 
21 23 60 18 47 
56 80 42 15 4 
42 2 45 31 53 
20 2 80 72 8 
60 47 4 63 28 
12 61 38 17 20 
36 71 60 72 33 
57 4 33 6 42 
52 33 21 31 7 
66 54 75 78 41 
80 55 15 43 73 
3 58 26 52 74 
56 39 21 51 33 
30 18 24 13 63 
24 29 4 4 56 
73 72 43 47 63 
78 11 8 37 32 
45 59 20 22 43 
33 79 13 20 17 
18 34 66 26 5 
62 2 31 80 49 
48 9 66 8 17 
73 18 37 19 42 
19 32 69 29 14 
3 13 11 70 57 
35 72 8 13 23 
22 37 47 5 5 
65 5 76 36 56 
47 29 77 33 18 
69 32 8 19 11 
19 26 17 44 43 
25 42 17 57 14 
3 58 29 40 20 
47 73 54 43 9 
33 9 78 59 62 
42 40 49 46 41 
52 50 64 72 57 
70 61 49 59 32 
65 76 60 31 14 
65 3 66 58 68 
2 49 70 28 49 
80 67 79 68 38 
81 46 14 36 55 
44 55 76 63 35 
66 51 76 18 8 
32 12 71 39 48 
19 55 41 41 63 
77 68 67 70 30 
23 30 21 60 62 

0 1 1 1 1 
1 0 1 1 1 
1 1 0 1 1 
1 1 1 0 1 
1 1 1 1 0 

0 0 0 0 0 0 0 0 0 0 0 0 0 0 0 0 0 0 0 78 192 0 27 0 102 54 141 196 28 0 66 0 0 0 0 20 161 1 0 0 182 0 47 132 70 18 65 0 0 3 162 
0 0 0 0 0 0 0 0 0 0 0 0 0 0 0 0 0 0 0 78 0 0 138 0 64 0 0 0 0 35 0 39 176 0 44 9 0 80 166 17 13 162 0 0 0 0 109 162 0 0 0 
0 0 0 0 0 0 0 0 0 0 0 0 0 0 0 0 0 0 0 0 138 0 0 0 196 0 0 49 0 0 43 181 0 0 0 0 0 0 0 193 0 140 58 0 0 31 0 0 0 46 0 
0 0 0 0 0 0 0 0 0 0 0 0 0 0 0 0 0 0 0 158 16 0 0 0 30 119 44 131 55 0 26 0 172 0 171 168 0 166 164 0 14 0 189 55 34 56 0 0 153 51 0 
0 0 0 0 0 0 0 0 0 0 0 0 0 0 0 0 0 0 0 0 0 0 0 193 190 143 0 188 61 0 0 0 0 178 0 0 0 0 144 0 0 0 116 0 26 153 0 103 0 136 11 
0 0 0 0 0 0 0 0 0 0 0 0 0 0 0 0 0 0 0 0 0 28 13 0 0 0 73 70 10 0 38 29 0 49 0 0 134 0 0 146 64 0 153 116 0 39 81 68 0 39 0 
0 0 0 0 0 0 0 0 0 0 0 0 0 0 0 0 0 0 0 0 18 0 128 151 160 25 60 0 169 0 50 0 0 74 70 0 0 0 0 92 125 114 0 0 0 179 0 179 0 0 154 
0 0 0 0 0 0 0 0 0 0 0 0 0 0 0 0 0 0 0 0 111 0 0 0 0 0 0 0 0 0 58 0 0 0 0 0 0 0 187 0 0 0 0 0 46 0 65 0 0 0 0 
0 0 0 0 0 0 0 0 0 0 0 0 0 0 0 0 0 0 0 0 0 0 0 0 53 0 65 48 71 0 31 24 68 26 166 119 0 6 0 31 194 91 0 0 0 0 165 0 0 0 0 
0 0 0 0 0 0 0 0 0 0 0 0 0 0 0 0 0 0 0 44 26 25 188 0 109 156 190 0 0 83 94 20 105 0 0 57 115 9 0 0 119 188 0 0 0 0 40 8 0 1 118 
0 0 0 0 0 0 0 0 0 0 0 0 0 0 0 0 0 0 0 195 0 2 0 103 27 0 0 108 135 0 46 196 167 61 39 0 0 0 0 186 36 152 0 0 159 117 182 0 0 0 84 
0 0 0 0 0 0 0 0 0 0 0 0 0 0 0 0 0 0 0 0 0 0 0 6 0 0 0 112 12 79 132 0 139 138 121 0 0 4 0 0 0 0 14 0 0 0 0 26 0 0 162 
0 0 0 0 0 0 0 0 0 0 0 0 0 0 0 0 0 0 0 0 118 83 54 0 0 0 46 0 163 0 130 119 0 53 0 94 148 75 0 0 0 0 26 183 48 0 0 143 0 185 114 
0 0 0 0 0 0 0 0 0 0 0 0 0 0 0 0 0 0 0 0 0 0 0 0 0 0 0 0 0 129 0 0 63 0 0 152 0 0 0 0 0 16 0 1 0 0 0 0 0 0 184 
0 0 0 0 0 0 0 0 0 0 0 0 0 0 0 0 0 0 0 109 143 51 0 0 191 0 0 104 113 23 95 84 121 174 145 135 10 0 0 182 19 167 81 92 0 110 10 0 0 0 0 
0 0 0 0 0 0 0 0 0 0 0 0 0 0 0 0 0 0 0 46 131 0 0 96 0 0 0 0 17 11 0 0 0 79 0 0 0 0 0 0 0 0 0 0 0 92 0 0 51 0 0 
0 0 0 0 0 0 0 0 0 0 0 0 0 0 0 0 0 0 0 146 131 0 0 191 0 0 29 0 81 0 197 120 0 150 0 0 0 0 145 35 0 159 0 0 119 172 139 70 180 0 0 
0 0 0 0 0 0 0 0 0 0 0 0 0 0 0 0 0 0 0 0 0 0 74 0 0 0 0 0 0 0 0 0 0 0 0 0 180 0 72 0 0 0 0 0 139 0 81 0 0 0 192 
0 0 0 0 0 0 0 0 0 0 0 0 0 0 0 0 0 0 0 171 0 0 62 199 0 0 102 0 50 0 111 16 87 0 154 0 154 0 74 0 35 62 102 179 189 177 0 0 84 0 0 
0 0 0 0 0 0 0 0 0 0 0 0 0 0 0 0 0 0 0 0 0 0 0 0 0 0 0 0 0 0 0 0 0 0 0 0 0 0 0 0 0 0 0 0 0 0 106 0 0 0 0 
0 0 0 0 0 0 0 0 0 0 0 0 0 0 0 0 0 0 0 0 0 0 0 0 0 0 0 0 0 0 0 0 0 0 0 0 0 0 0 0 0 0 0 0 0 0 0 100 0 0 193 
0 0 0 0 0 0 0 0 0 0 0 0 0 0 0 0 0 0 0 0 0 0 0 0 0 0 0 0 0 0 0 0 0 0 0 0 0 0 0 0 0 0 133 0 143 0 124 163 10 184 51 
0 0 0 0 0 0 0 0 0 0 0 0 0 0 0 0 0 0 0 0 0 0 0 0 0 0 0 0 0 0 0 0 0 0 0 0 0 0 0 0 0 0 148 73 184 0 130 196 28 0 0 
0 0 0 0 0 0 0 0 0 0 0 0 0 0 0 0 0 0 0 0 0 0 0 0 0 0 0 0 0 0 0 0 0 0 0 0 0 0 0 0 0 0 127 121 0 85 0 0 182 194 0 
0 0 0 0 0 0 0 0 0 0 0 0 0 0 0 0 0 0 0 0 0 0 0 0 0 0 0 0 0 0 0 0 0 0 0 0 0 0 0 0 0 0 197 152 0 15 0 63 196 0 180 
0 0 0 0 0 0 0 0 0 0 0 0 0 0 0 0 0 0 0 0 0 0 0 0 0 0 0 0 0 0 0 0 0 0 0 0 0 0 0 0 0 0 0 0 37 0 0 176 179 187 0 
0 0 0 0 0 0 0 0 0 0 0 0 0 0 0 0 0 0 0 0 0 0 0 0 0 0 0 0 0 0 0 0 0 0 0 0 0 0 0 0 0 0 75 138 185 0 56 0 0 44 0 
0 0 0 0 0 0 0 0 0 0 0 0 0 0 0 0 0 0 0 0 0 0 0 0 0 0 0 0 0 0 0 0 0 0 0 0 0 0 0 0 0 0 0 60 26 127 0 142 0 0 0 
0 0 0 0 0 0 0 0 0 0 0 0 0 0 0 0 0 0 0 0 0 0 0 0 0 0 0 0 0 0 0 0 0 0 0 0 0 0 0 0 0 0 0 0 117 0 68 0 42 186 18 
0 0 0 0 0 0 0 0 0 0 0 0 0 0 0 0 0 0 0 0 0 0 0 0 0 0 0 0 0 0 0 0 0 0 0 0 0 0 0 0 0 0 24 71 0 0 177 0 94 0 0 
0 0 0 0 0 0 0 0 0 0 0 0 0 0 0 0 0 0 0 0 0 0 0 0 0 0 0 0 0 0 0 0 0 0 0 0 0 0 0 0 0 0 0 0 0 0 143 0 0 30 0 
0 0 0 0 0 0 0 0 0 0 0 0 0 0 0 0 0 0 0 0 0 0 0 0 0 0 0 0 0 0 0 0 0 0 0 0 0 0 0 0 0 0 0 0 0 0 0 0 0 0 60 
0 0 0 0 0 0 0 0 0 0 0 0 0 0 0 0 0 0 0 0 0 0 0 0 0 0 0 0 0 0 0 0 0 0 0 0 0 0 0 0 0 0 0 77 60 8 0 0 8 0 0 
0 0 0 0 0 0 0 0 0 0 0 0 0 0 0 0 0 0 0 0 0 0 0 0 0 0 0 0 0 0 0 0 0 0 0 0 0 0 0 0 0 0 154 0 30 99 0 0 189 102 0 
0 0 0 0 0 0 0 0 0 0 0 0 0 0 0 0 0 0 0 0 0 0 0 0 0 0 0 0 0 0 0 0 0 0 0 0 0 0 0 0 0 0 121 49 0 0 0 45 0 39 118 
0 0 0 0 0 0 0 0 0 0 0 0 0 0 0 0 0 0 0 0 0 0 0 0 0 0 0 0 0 0 0 0 0 0 0 0 0 0 0 0 0 0 0 31 35 0 0 0 0 0 70 
0 0 0 0 0 0 0 0 0 0 0 0 0 0 0 0 0 0 0 0 0 0 0 0 0 0 0 0 0 0 0 0 0 0 0 0 0 0 0 0 0 0 0 0 97 0 101 0 142 157 0 
0 0 0 0 0 0 0 0 0 0 0 0 0 0 0 0 0 0 0 0 0 0 0 0 0 0 0 0 0 0 0 0 0 0 0 0 0 0 0 0 0 0 0 0 0 0 113 0 89 0 0 
0 0 0 0 0 0 0 0 0 0 0 0 0 0 0 0 0 0 0 0 0 0 0 0 0 0 0 0 0 0 0 0 0 0 0 0 0 0 0 0 0 0 26 112 0 183 40 0 0 158 175 
0 0 0 0 0 0 0 0 0 0 0 0 0 0 0 0 0 0 0 0 0 0 0 0 0 0 0 0 0 0 0 0 0 0 0 0 0 0 0 0 0 0 0 0 0 97 0 0 0 124 0 
0 0 0 0 0 0 0 0 0 0 0 0 0 0 0 0 0 0 0 0 0 0 0 0 0 0 0 0 0 0 0 0 0 0 0 0 0 0 0 0 0 0 0 100 0 9 0 29 0 0 0 
0 0 0 0 0 0 0 0 0 0 0 0 0 0 0 0 0 0 0 0 0 0 0 0 0 0 0 0 0 0 0 0 0 0 0 0 0 0 0 0 0 0 0 0 147 52 0 44 30 15 128 
0 0 0 0 0 0 0 0 0 0 0 0 0 0 0 0 0 0 0 0 0 0 0 0 0 0 0 0 0 0 0 0 0 0 0 0 0 0 0 0 0 0 0 0 0 94 0 77 0 6 138 
0 0 0 0 0 0 0 0 0 0 0 0 0 0 0 0 0 0 0 0 0 0 0 0 0 0 0 0 0 0 0 0 0 0 0 0 0 0 0 0 0 0 0 0 0 0 84 0 18 47 0 
0 0 0 0 0 0 0 0 0 0 0 0 0 0 0 0 0 0 0 0 0 0 0 0 0 0 0 0 0 0 0 0 0 0 0 0 0 0 0 0 0 0 0 0 0 167 0 0 63 0 0 
0 0 0 0 0 0 0 0 0 0 0 0 0 0 0 0 0 0 0 0 0 0 0 0 0 0 0 0 0 0 0 0 0 0 0 0 0 0 0 0 0 0 0 0 0 47 0 0 0 0 0 
0 0 0 0 0 0 0 0 0 0 0 0 0 0 0 0 0 0 0 0 0 0 0 0 0 0 0 0 0 0 0 0 0 0 0 0 0 0 0 0 0 0 0 0 0 181 0 0 0 0 0 
0 0 0 0 0 0 0 0 0 0 0 0 0 0 0 0 0 0 0 0 0 0 0 0 0 0 0 0 0 0 0 0 0 0 0 0 0 0 0 0 0 0 0 0 0 18 0 0 0 0 0 
0 0 0 0 0 0 0 0 0 0 0 0 0 0 0 0 0 0 0 0 0 0 0 0 0 0 0 0 0 0 0 0 0 0 0 0 0 0 0 0 0 0 0 0 0 127 0 0 0 0 0 
0 0 0 0 0 0 0 0 0 0 0 0 0 0 0 0 0 0 0 0 0 0 0 0 0 0 0 0 0 0 0 0 0 0 0 0 0 0 0 0 0 0 0 0 0 121 0 0 0 0 0 
0 0 0 0 0 0 0 0 0 0 0 0 0 0 0 0 0 0 0 0 0 0 0 0 0 0 0 0 0 0 0 0 0 0 0 0 0 0 0 0 0 0 0 0 0 145 0 0 0 0 0 
